# Created by Octave 3.8.0, Tue Jul 21 14:07:28 2020 CEST <tijsvandervelden@MacBook-Pro-van-Tijs.local>
# name: A
# type: matrix
# rows: 3
# columns: 2
 1 2
 3 4
 5 6


